8.162258128977217808e-01 1.623654880179241200e+00 2.496994395131407196e-01
2.057533647187702819e+00 8.623956644552510653e-02 9.565735024556837329e-01
3.867288765627916458e+00 7.354886670605687016e-01 1.488806943583510733e+00
4.804929226751283089e+00 4.542601123290552323e+00 2.360512763028691507e-01
1.231733404173400714e+00 4.498634107792801373e+00 3.727133458992623050e-01
4.469706197809485637e+00 3.281129164978348722e+00 7.763417198089322957e-01
3.703616393753550451e-01 1.466073577324726873e+00 4.939650594477937307e-02
2.041039261269950611e+00 4.224581982029290694e-01 1.098844173969061533e+00
4.770099460445188733e+00 7.861780252605587993e-02 4.854244206781305193e-01
4.487490179850645688e+00 8.736541228361038858e-01 7.471386156005481727e-01
2.977292564075566972e+00 1.770355906027519799e+00 2.968937299275285824e+00
4.017797496791027712e+00 2.174750643967102715e+00 1.941584534141951091e+00
1.538731861384457389e+00 4.964647821228140856e+00 1.072752350135888766e-02
1.180522110706450079e-01 4.307995994225627179e+00 1.070215265504246838e-01
4.591721823538779113e+00 3.748931376809857774e+00 3.236434283621054675e-01
5.836831942191522682e-01 1.734477827643554626e-01 4.803044292718380154e-02
4.692716620121842652e+00 4.124370024343225083e+00 3.799519690494764235e-01
3.044430952525000400e+00 4.608116823333250345e+00 6.285247207253777946e-01
7.720112405907397779e-01 5.975570889312220579e-01 2.170341532445427823e-01
4.755160725699375313e+00 1.411384291530645818e+00 9.294473945598340503e-01
2.219158791952968279e+00 3.745961179819827791e+00 1.216310584509986414e+00
3.526134001752029290e-01 4.204496250669044421e+00 -5.797794374364237391e-02
1.789938280229856904e+00 2.792911473409324330e+00 1.355708530615286289e+00
4.790469174592137946e-01 4.085796648488010385e-01 -1.621225314533579764e-01
3.066612232353973067e+00 1.794288345613495483e+00 2.846144974134279693e+00
3.216934603418739158e+00 9.496443562099343705e-01 2.451737718403660171e+00
3.197830880322834801e+00 2.904046409690877795e+00 2.388172773701494389e+00
3.245195772090689879e+00 3.633502329274040932e+00 1.721252368360807417e+00
1.732616670191243102e+00 4.862758535535406601e+00 3.687171879038352307e-01
3.261319585762778583e+00 4.753574740899411566e+00 5.939213767811389877e-01
2.012696989965879091e+00 3.476748017559823545e+00 1.127978123902670049e+00
4.963279263985232781e+00 3.747922741706955385e+00 1.987946456370360271e-01
3.659262385797952710e+00 2.061477574680639968e+00 2.658629532253144578e+00
1.463966034295205887e+00 2.740712240891207241e+00 7.430122897488106171e-01
4.508405362243847136e+00 4.461118368796662459e+00 3.397816158450408519e-01
1.531316748808814854e+00 3.275926299988110468e+00 6.085100024374013872e-01
2.609450075084122744e+00 2.267680299638019648e-01 1.469693872188604367e+00
4.828433928757677407e+00 1.345662147257143282e+00 5.934328061367398766e-01
3.043013195848870645e+00 2.941757925932823703e+00 2.482507683018792655e+00
4.235290816603287656e-01 4.794768852449748930e-01 1.419525670870570855e-02
1.748029733959277188e+00 1.414307979031614870e+00 1.340035802537452359e+00
3.248723461553626013e+00 1.460074432646912834e+00 2.680174492361750982e+00
2.437679889801273703e+00 1.745624328588072371e+00 2.366383673115821651e+00
3.008973969764371148e+00 1.238567997709697499e+00 2.572391157340375933e+00
3.916858545024994420e+00 2.455685621394749774e+00 1.981587792781666746e+00
3.445317276898002268e-01 3.031106101149397603e+00 8.362710953034430128e-02
3.314767741657620448e-01 2.922081267894143242e+00 -2.998188540302740290e-02
2.194135161978838511e+00 3.340588728539061414e+00 1.467147048480975657e+00
8.721036962595607456e-01 3.067688749840753015e+00 1.589235417097751846e-01
2.192812788712980243e+00 3.447768129530768721e+00 1.511869860171491498e+00
2.063418187836629780e-01 3.200456787669735625e+00 7.751485844822449123e-02
8.864723621000697440e-01 9.980214439793755332e-01 1.494540132696196011e-01
1.207259116673300881e+00 3.753261305952637183e+00 3.749391108053034549e-01
3.705405504566658959e+00 2.726664616974963096e+00 2.058445208850493202e+00
1.164487809468667256e+00 4.146768821296123342e+00 1.812741820337365473e-01
3.600074574957642604e+00 1.248663237526987935e+00 2.236784883071245122e+00
3.780926127264491399e+00 3.675432782200813708e+00 1.420312706980974449e+00
4.555434176174502525e+00 4.735777131402485907e+00 2.865162439454029819e-01
9.619553157941362898e-01 4.944612405272336808e+00 8.321724750669530490e-02
4.010138133677652483e+00 5.855501180797173522e-01 1.091395274175467556e+00
2.217438164271176682e+00 1.282433545767253769e+00 1.828589366208881462e+00
1.272085765462355855e+00 9.233919523841749299e-01 4.699944741858916863e-01
1.673635820428540644e+00 2.752866641331547015e+00 1.264308388613882173e+00
2.437109462335729670e+00 4.777999300186425380e+00 3.788236854091691086e-01
3.562385413018897662e+00 9.317231185104124513e-01 1.908847829857930556e+00
3.216272787531019084e+00 5.424987120135849050e-01 1.958206635890267222e+00
2.787407031159681470e+00 1.645437536711746862e+00 2.844623951671037432e+00
1.668433839526903828e+00 2.480487225943814433e+00 1.084253438653373314e+00
9.275717946146727622e-01 1.514225722086308679e+00 3.923371543036423548e-01
4.025829395794039200e+00 4.850592358434250073e+00 2.851413725398590504e-01
3.650793781957562878e+00 9.430342338191560758e-01 1.949195780390936994e+00
2.619974689258222966e+00 1.733796482987675525e+00 2.901848877665829551e+00
5.585500776877888596e-01 3.166951004855233620e+00 3.079071417386464726e-01
2.320512084873273650e+00 3.054145897676008747e+00 1.872734401058957721e+00
1.742292825816073698e+00 1.079102922058121639e+00 1.140362025819080749e+00
3.811715631865205012e+00 3.080860379813373129e+00 1.615510380541100632e+00
4.053871615138127105e-01 3.417151719536934529e+00 2.608132065547695555e-02
4.937249183127500274e+00 3.909939096761872790e+00 2.313109491273272478e-01
2.929332871869765320e+00 1.415345202106798705e+00 2.694420293731163429e+00
2.599168898335312949e+00 4.322225389676714435e+00 9.171547627192412344e-01
2.741344653501692763e-01 1.554690948310155640e+00 1.786667186432106813e-01
4.101272229635085864e+00 3.524933737135321543e+00 1.124291034408660517e+00
3.772105382627602310e+00 3.776273250120037339e+00 1.249193084252971042e+00
4.940523346493340462e+00 2.315920863987482647e+00 4.078649810958998589e-01
3.738248711663173296e+00 1.981330937828527539e+00 2.261997578868559788e+00
4.739905136665123919e+00 4.445375818695619152e+00 3.981533257379497037e-01
4.280407242848371929e-01 3.571862811632174228e+00 2.093913735195167547e-01
3.742641603987309384e+00 4.416982400383044904e+00 7.813832502188878815e-01
3.647139507545583026e+00 4.346222904045464297e+00 7.100023676215450052e-01
1.980978091504606020e+00 3.473673496218462553e+00 1.177098939124544108e+00
1.351754888958903056e+00 3.022655561219609766e+00 8.717025935033999584e-01
3.458046653466717579e-02 4.595529684419368266e+00 7.412479781240859100e-02
4.583335385291931630e+00 4.630937090875208995e+00 2.029064237275516602e-01
1.139382759905525067e+00 4.427822903072931915e+00 2.211026675735635050e-01
2.166553343619054273e-01 3.238011581555948482e+00 -6.015927255868822043e-02
1.188623693007888171e+00 1.849810384553456366e+00 5.784371381786599375e-01
1.217934879105569967e+00 4.061454540247055878e-01 2.590906123393761362e-01
3.794006039679082010e-01 4.975962183398304539e+00 -6.000972016472371634e-02
3.014533007610669557e+00 8.408323170246279066e-01 2.433609931837864337e+00
3.944231950077542237e+00 1.379988554598942097e+00 1.772433157186454000e+00
2.792869710609578338e+00 2.755200860545701236e+00 2.736865901888107633e+00
3.158649286435215586e+00 2.430302510580031772e+00 2.764041318778684531e+00
2.957278571775469711e+00 1.606285721239834041e+00 2.965715208237064360e+00
4.759908506808520734e+00 2.414987851263984631e+00 7.008225238384959699e-01
2.025194250423348219e+00 4.486525336119507656e+00 7.072652453121985872e-01
4.894787264382686409e+00 5.986926264325342917e-02 1.024277389327483967e-01
1.483620420290701070e+00 4.646060605027023449e+00 2.995105976114748603e-01
2.458741650424647318e+00 2.385580920175022879e+00 2.413738578755778352e+00
2.809721181606399387e+00 3.360696351010584948e+00 1.970273220649363832e+00
1.017159044911490895e+00 2.048099282997974946e+00 4.547868678823549504e-01
7.189120613037786045e-01 3.558261466711019061e+00 -3.255027241930819049e-02
3.018496656344487494e+00 2.889873616253986199e+00 2.726266891072335774e+00
3.481451870210800603e+00 1.926360345780659955e+00 2.577084091357776607e+00
1.264718991289032202e+00 1.368655719352458444e+00 7.851303530416222642e-01
9.844794678159074497e-02 3.855846655817816604e+00 7.689779773429061827e-02
3.483974739314442015e+00 2.093255154678784535e+00 2.626843356160643239e+00
4.113022458092013833e-01 1.565378663185994057e+00 1.412161932065342795e-01
1.368453898307926409e+00 4.707378060761778116e+00 2.784465465071861989e-01
4.703942524647297674e+00 4.995651709928511153e+00 -3.576016278124904968e-02
2.794549238755128506e+00 4.086180267192037974e+00 1.107970416177006090e+00
1.925601505451345341e+00 4.242119285266371165e+00 5.992965994418338882e-01
2.795275139487766847e+00 4.676022755547904808e+00 7.851127285033847603e-01
9.797894906040038876e-01 2.987901750249892352e+00 1.648803048674184202e-01
1.710792842445064688e+00 2.100394393003118809e-01 7.139263739550646415e-01
8.404274852261989226e-01 2.530578124331694934e-01 1.461280586896878397e-01
4.865403160158118467e+00 4.950556739560255437e+00 1.397588026910954462e-01
3.802866501070929939e+00 3.129540113022452275e+00 1.651975689269939318e+00
7.555054350171180877e-01 2.066418761386765723e+00 1.476912141080856666e-01
2.208241484217265960e+00 4.131026358373428131e+00 7.788201447664238053e-01
4.731074620696416488e+00 4.555900780168897768e-01 4.486568682204015168e-01
4.020454034922739339e+00 1.367627538257135011e+00 1.701970595400944308e+00
2.715030288492223498e+00 7.852021746094739463e-01 2.228956687501073564e+00
2.436522813255804110e+00 2.685417215101314703e+00 2.341419715114524180e+00
4.963501805422344759e+00 2.092455868245501449e+00 3.247607307303344570e-01
1.624522437777548012e-01 1.057359975314486444e+00 1.157781199213254314e-02
2.066769568930737488e+00 3.432641691074045820e+00 1.334008858729300862e+00
4.362935875706607014e+00 2.658450925896528538e+00 1.187490837801422394e+00
4.789154251322814027e+00 8.487545610899172033e-01 4.264721132668743975e-01
2.685431593734681321e+00 4.981856511611701954e+00 3.579156393245286893e-01
7.644081237359984238e-01 1.878641449236190253e-01 5.046049436296472235e-02
4.484761448527826211e+00 4.804336969954917436e+00 2.331950956141770614e-01
1.260381382813681839e+00 3.313573492053789149e+00 3.164876574187874825e-01
2.514033803619643237e+00 2.972557741216075744e+00 2.297970784334954608e+00
1.439376217463684826e+00 4.127485444540618609e+00 3.361379275164564917e-01
4.146968417724673728e+00 1.766229400019021512e+00 1.526563718689448290e+00
2.611162362053034425e+00 2.647280927925319993e+00 2.590288673503882588e+00
1.645269957904312186e+00 4.719944194909420965e+00 2.844067817127073350e-01
1.372703185937687476e+00 2.325356712980726659e+00 7.133868279315184191e-01
2.053394352946857460e+00 4.296870237927398861e+00 7.019516696984534621e-01
3.713634630028351147e+00 3.870089596674548993e+00 1.142158772606909123e+00
1.559897817611215931e+00 9.603233203640643145e-01 9.043752840603320742e-01
4.462467041145567137e+00 7.867727290728787626e-01 8.012639304903383941e-01
4.058824708199889386e+00 3.304799118191299900e+00 1.316654970853242901e+00
3.173760989279378109e+00 3.749908462362394168e+00 1.588457518939016211e+00
9.886766611142988603e-01 3.897074011826701767e+00 2.002872427795396593e-01
4.564510283932472490e+00 8.591501341190782570e-01 6.674619472236095197e-01
2.046622611733435626e+00 2.049513904608262216e+00 1.878463422440770580e+00
2.492928451275892687e+00 4.811167005463724777e+00 5.505120152827989166e-01
8.308695011778621797e-01 3.629589427856138695e+00 1.370634342157958652e-01
3.947089449046483178e+00 4.681135918872415758e+00 4.830291528983380323e-01
7.107236745447931270e-01 1.745685608959111068e+00 1.639235318089437565e-01
2.875493835225933381e+00 5.737250360022871920e-02 1.538597392893717775e+00
1.769615169201319116e+00 2.910142016775418838e-02 7.410506883786756038e-01
1.312609877873511799e+00 2.049276805573538862e+00 5.860913232708656606e-01
4.607992260641603721e+00 1.567150775008370633e+00 7.576604317586735915e-01
4.821642152109002488e+00 9.508636133965719939e-01 3.233210190066807543e-01
2.319260018082525576e+00 1.021889534974842029e+00 1.936284671362743959e+00
3.325276325147140888e+00 3.408965966934402125e+00 2.074114113644774715e+00
4.283714783293407491e-01 9.611521707669923309e-01 -5.016894649098851966e-03
3.682126996186108059e+00 1.072876906227421268e+00 1.908353103434246689e+00
1.338016126914934878e+00 8.285075927275215024e-01 5.688856347120434531e-01
4.905716807130960921e-01 3.744971295255855814e+00 -1.441238891766746244e-01
1.216447702064829439e+00 3.557232753401912362e+00 3.503211721394412503e-01
3.653255259336187333e+00 4.123421833153372518e+00 9.164249994879892780e-01
3.863441838151200791e+00 6.932538486048822612e-01 1.615622476606049851e+00
2.430073964351577409e+00 1.740014074999257643e+00 2.505487278777444704e+00
4.350942925793389371e+00 1.778346184909743055e+00 1.238910720712448787e+00
2.280754698914590151e+00 1.480278981504503211e+00 2.305712677610436412e+00
1.504290814745432137e+00 1.374563874026847987e+00 7.193055001701433859e-01
4.881826554017506758e+00 3.064424871688713470e+00 3.765250362026086317e-01
3.686587308753904502e+00 1.544706124954168258e+00 2.419070381260319813e+00
4.010958880470083088e+00 3.171682411247210176e+00 1.271886888757929546e+00
2.276513387206848815e+00 4.933273228418332934e+00 3.086091689952478179e-01
1.814599794102367269e+00 3.211131065799202045e+00 1.166799276870597701e+00
1.460600922205443464e+00 1.419255232890593854e+00 9.293759704982135217e-01
4.746584845721445234e+00 1.637335530075744172e+00 5.194721008905600623e-01
3.879489181968037048e+00 6.769538236048133761e-01 1.463729054591615508e+00
2.532023786970810653e-01 3.722891734257575358e+00 1.001978650741762455e-01
1.322812610023280211e+00 4.679378353636719723e+00 1.089730324690066365e-02
2.287957822902050076e+00 1.033263799357188040e+00 1.910121237862743904e+00
3.202860132590258146e+00 4.859628320600656970e+00 5.046140493580493214e-01
7.428275127065003813e-01 1.240428779797739800e+00 3.043792694027273593e-01
4.397627575247600618e+00 1.943023521371564089e+00 1.088290518483389313e+00
2.318028452176401633e+00 3.719653055826956933e+00 1.328372592580821410e+00
2.666299706937258929e+00 3.814786306596105625e+00 1.433290168801952813e+00
8.785655064548680837e-01 1.170604965664978625e+00 3.444366259984940615e-01
4.538974820136648658e-01 9.062274171806405931e-01 1.846948828610890658e-02
4.876723348195466379e+00 8.337309548187182839e-01 2.723111479510428312e-01
2.647525807085451710e+00 3.669681667008192427e+00 1.627166790341869396e+00
1.094345853158989357e+00 1.289451747671932935e+00 4.354466189326782199e-01
2.884922122058125815e+00 1.521811125273682563e+00 3.007336232679817645e+00
3.822497882687668103e+00 4.509298933449957580e+00 6.634257477677084625e-01
1.373586351917809978e+00 7.330219857921616011e-01 3.305845567792721207e-01
8.917865922776824217e-01 3.281462064402255852e+00 1.106383189361984376e-01
3.725787960995803338e+00 1.787196917841871180e+00 2.206687336825665202e+00
1.277779883853156218e+00 6.652320233096775670e-01 5.373298342098279390e-01
2.978821552150189955e+00 4.789738178140611424e+00 6.826973031798334590e-01
1.164195060609638954e+00 2.674365115093353840e+00 5.775470515898486479e-01
8.453507168466717347e-01 2.190387307412549056e+00 3.238077496539803479e-01
2.832987492533871610e+00 3.235748905848496726e+00 2.070846619229672836e+00
7.540434503510479169e-01 4.631697960891467680e-01 1.291863783848530844e-01
5.725658345988204889e-02 2.568340196543230647e+00 1.693693262314909520e-01
3.064947026191630286e+00 9.911418768708157856e-01 2.493207900531442256e+00
3.238111150976052954e+00 3.563290139877662188e+00 1.780448439079644229e+00
1.353690341308165790e+00 7.622352338271720651e-01 5.880228030315054477e-01
3.404339620808801037e+00 2.527942992668489097e+00 2.583977778876226594e+00
2.422449229420969186e+00 4.173708388949038728e+00 9.631253610714668456e-01
2.247997271523475948e+00 1.507098589340595263e+00 2.076740945557393747e+00
4.519670812221187717e+00 1.112462607144678595e+00 8.020854819779867917e-01
3.879245219892140106e+00 3.810204526398538682e+00 1.073403696706670907e+00
2.537227859058464041e+00 3.842831850185018716e+00 1.452987242452859595e+00
2.996489214567169768e+00 3.556447521698257841e+00 1.944614775673510154e+00
1.808387760945438405e+00 4.449601633438251547e+00 4.439457937430561496e-01
1.175181267791548523e+00 3.459516654068663044e+00 2.670236350807880243e-01
6.375185541358557861e-01 6.565003583043677038e-01 7.379120729549519531e-02
1.844636576675654505e+00 1.656086701483798329e+00 1.557706977203850984e+00
2.418186046119151111e+00 2.823689543526834544e+00 2.343768511168172974e+00
2.588003315239118862e+00 1.104308670693920913e+00 2.296125001070273619e+00
3.741571004183572136e+00 1.024710868006160069e+00 1.863138411651343862e+00
1.843543301235316401e+00 3.882996040070173294e+00 5.880544559517879577e-01
2.118110182193535529e+00 4.078280857739909671e+00 9.594983338396133599e-01
2.983943111811097282e+00 1.639955189789978895e+00 3.106940789515720169e+00
3.163763933321672717e+00 5.355158657226188890e-02 1.412342059175550890e+00
2.745142905914369713e+00 3.340469672365705023e+00 2.022653804485428086e+00
3.602428898258484224e+00 1.922898395755738843e+00 2.350805901430149447e+00
2.921668786863982792e+00 2.303927367242142754e+00 2.736417513908619092e+00
4.861773245922085263e-01 2.540370431269795670e+00 8.832685687400490537e-02
4.712667615618312489e+00 2.752920551530991133e+00 5.309302031929896692e-01
7.008443568268396540e-01 3.379670979330983815e+00 -1.335004641044373885e-02
4.435541383139678828e+00 2.380735911530430293e+00 1.069313197667963955e+00
1.943222838210262315e+00 3.390313114169172248e+00 1.226941175485278812e+00
4.918977125918554627e+00 9.548648967950451594e-01 5.327269823567387652e-01
9.849937699655442191e-01 4.453098820916189027e+00 2.898684427986902290e-01
2.226789282270874359e+00 4.383589318827069370e+00 7.483983924247454844e-01
2.598834622985704446e+00 4.939763884039816144e-01 1.742867865998634747e+00
1.760262750425199307e+00 1.824610553879899566e+00 1.366876686701464561e+00
3.203539247983239857e+00 1.605274690736183008e+00 2.903079679011120628e+00
5.777401522483666119e-01 3.356122663666397443e+00 6.114963252786857761e-02
2.008650349774138810e+00 2.179428906832339141e+00 1.928229257709428657e+00
1.260185808265698704e+00 7.252895279016530194e-01 4.635423417612422603e-01
4.871382263502800569e+00 4.167219498461999017e+00 1.690913203639009266e-01
2.783754867694035351e+00 7.764836776675348995e-01 2.251561714107819245e+00
2.090035538671421556e+00 4.276203968106466746e+00 7.839807275601754499e-01
4.313625096323352004e+00 3.886589101129832358e+00 4.854803867461561229e-01
4.976302984639813687e+00 1.982033965772234119e-01 6.550533037147857063e-02
1.592018827005818871e+00 4.295247888694638583e+00 3.458657053180705376e-01
3.563454005395313651e+00 3.033417167931559799e+00 1.987177604647853535e+00
4.707148379448923947e+00 8.184128207619856266e-01 5.150187865674550336e-01
2.615360537868624657e+00 1.056971920728773551e+00 2.384558731275544297e+00
4.316377235621271957e+00 2.197685382163296453e+00 1.279140399842768616e+00
2.400970204438719779e+00 2.923223195686928122e+00 2.186973588119430989e+00
3.588501560548875702e+00 1.231978535510325656e+00 2.111831135629221201e+00
3.536413742180729791e+00 3.835297961839640557e+00 1.430538137389830489e+00
2.641575370445254922e+00 3.159850723605941880e+00 2.067595382570706963e+00
3.681213400955301474e+00 1.560721360536759805e-01 1.228522410757577177e+00
2.368398185450529603e+00 3.820848267520369212e+00 1.032994241324974860e+00
3.822879826980389417e+00 1.329334325571482900e+00 2.021195137839467026e+00
2.028660234660724981e+00 2.326136892018268565e+00 1.956202434925666145e+00
2.656358210114372120e+00 1.355927753631874788e+00 2.603363902287580522e+00
3.389518822457853187e+00 1.391482141853925825e+00 2.420581686892075979e+00
3.561209508566495874e+00 4.918948228968542224e+00 6.302802526894062396e-01
4.666306327950534794e+00 4.645523111018751372e+00 2.238804325180112353e-01
2.417829920019141099e+00 3.174286295977259531e+00 1.974850685906366143e+00
1.818564278055565087e+00 1.822870641850371065e+00 1.562007692076596399e+00
2.217961037474103225e+00 1.473910910187599121e+00 2.080706469822834137e+00
2.394843429867771878e+00 2.245930389916876990e+00 2.432148442340759775e+00
2.558792555221156118e+00 1.758462215958163544e+00 2.627319230496899749e+00
1.670552407338970369e+00 2.500539904014829506e+00 1.164588094883384661e+00
3.574753637543203855e+00 1.192292446101347991e+00 2.036677371752822374e+00
1.685164691711428908e+00 3.778238997735802851e+00 6.144072206284461046e-01
2.637889410207637120e+00 1.148946901806542353e+00 2.234631068436292001e+00
4.233352124151577911e+00 1.551531965496194543e-01 7.223275763343708356e-01
2.985011810533531929e+00 6.823646956106343975e-01 1.958295471482085492e+00
2.929472350814810611e+00 4.239712234293169235e-01 1.729391369315848470e+00
4.120970615160421069e+00 4.512078491832863136e+00 4.300584558982575301e-01
3.386761427897271304e+00 4.801591167238761670e+00 6.171487783748441647e-01
5.546096087103052907e-01 2.583071345372556227e+00 2.315609004511619828e-01
2.321764171305334967e-01 1.094412365672355225e+00 1.628271397003731857e-02
2.218033245220385474e+00 2.497198904447380130e+00 2.200533315206014251e+00
4.277801338242665175e+00 9.626458107347451998e-01 1.078425581734109961e+00
2.780657994435856928e+00 4.871679218979107162e+00 7.826564160590496755e-01
1.456353733002260675e+00 3.157543846688803946e-01 5.318294336487072727e-01
4.718385834358920228e+00 2.650605393302760682e+00 6.310694685656786929e-01
2.415371577395217351e+00 2.474320824387153728e+00 2.436284881916363165e+00
4.608908590495832236e+00 4.494128107395824578e+00 5.498025603077638657e-02
3.110224478544803439e+00 4.812700849611682763e+00 6.882690497074523961e-01
3.346114050453041777e-01 2.052985680633562460e+00 1.051240662744588883e-01
1.005500460216903758e+00 1.132156423065918016e+00 1.445083904187394186e-01
3.432574427146594331e+00 4.974335682392579727e+00 3.941607302083166009e-01
8.510931324210435633e-02 1.471071472535672164e+00 5.332303265227560790e-02
3.710921340041511973e-01 3.154091692970213856e+00 1.091736960183192773e-01
2.772638784995549610e+00 7.343411784444497936e-01 2.265193220294841936e+00
3.394112031171646393e+00 2.772437128143355078e+00 2.234374661187169764e+00
3.510310466633043802e+00 2.809752348979092318e+00 2.313750456893100438e+00
2.392887378565566436e+00 1.088297689996120532e+00 2.141232688434391740e+00
3.439229662683274125e+00 2.110181126317151046e-01 1.310943963112198851e+00
4.982306279896337564e+00 3.433841397090968695e+00 3.845448489173714512e-01
2.784963107531010174e+00 1.830832968904733127e+00 2.861131758496377575e+00
3.579914516129573787e+00 2.191971575492663860e+00 2.490317797780846387e+00
7.571280148930820131e-01 4.984399597741935750e+00 1.561349890829213938e-01
3.038270739466646386e+00 3.717247594445959979e+00 1.644330734583733911e+00
2.068270053660945518e+00 1.903327554039035530e+00 1.997743343498036062e+00
9.816050526256647757e-01 8.281603925170077929e-02 3.585638236538751800e-02
4.137820932326683021e+00 7.718283290421318332e-01 1.295416979404623081e+00
1.811553869933246297e+00 5.213900854313074928e-01 9.876577192824735896e-01
2.287265610506461933e+00 3.088127151646549606e+00 1.916543209048896967e+00
4.827451189681561949e+00 6.297703180592861827e-02 1.497031021649828930e-01
3.166593788390626329e+00 2.908462004572299975e+00 2.484508429522001016e+00
2.253173647796044676e+00 7.404456199973113995e-01 1.692413276808355738e+00
4.660829585157302724e+00 1.789108560413992688e+00 6.520076236678193915e-01
1.377390886953483440e+00 3.080924206490474493e+00 6.564547266280913451e-01
3.267645965451954071e-01 1.475853976328935779e+00 1.625143914404970635e-01
2.855085349229081970e+00 1.611428179541747330e+00 2.944731921897536964e+00
1.030260414716822615e+00 4.982447173041234301e+00 5.208521309992491383e-02
3.102880545088226860e-01 6.462518719358034680e-01 1.226556430573267076e-01
1.884535235188198765e+00 1.155549907965281342e+00 1.392517797750846720e+00
2.315283937329912778e+00 5.970089885282042763e-01 1.627442367098019815e+00
1.605510320295146620e+00 7.295231213009251148e-01 8.818228202004655403e-01
3.829883452294736035e+00 2.937372495741302769e-01 1.199369167251409296e+00
2.536228440530978290e+00 2.279665865819494819e+00 2.662900315064530510e+00
4.691752788397131724e+00 3.446589990161382122e+00 3.874272151431101818e-01
2.453818734722931882e+00 9.405202412050084337e-01 2.158164472056011807e+00
4.554995808759406017e+00 2.119946282922589464e+00 8.646472440995611741e-01
6.498045460064216794e-02 1.068633446081290295e+00 6.667122477125456137e-02
2.584135211140025312e+00 4.600681015801637130e+00 7.306327537373462633e-01
1.241289353017516195e+00 2.072592644614133395e+00 7.872170063835177700e-01
1.609063545974350085e+00 2.745434961183428779e+00 1.201294671728647234e+00
3.553927368682209043e+00 4.663029825353682156e+00 5.338630155788562925e-01
4.078532957474248377e+00 2.231699376137559643e+00 1.750115921168311717e+00
1.151178465550628527e-02 8.729106661981012039e-04 -3.492751067578572094e-02
4.325944344714419465e+00 1.999680522100859559e+00 1.260841167645085248e+00
2.692246058660656693e+00 4.450259474948655480e+00 9.209074764777324118e-01
1.123965340566454696e+00 1.117314746085970034e+00 5.439307362415574110e-01
3.028756784523456869e+00 2.287074746992182384e+00 3.031482780294393109e+00
2.529381670854258246e-02 1.000589611471709883e+00 8.978788242709803691e-02
4.146280064868001602e+00 4.650640402505633375e+00 3.441970429409940135e-01
1.116011549430075522e+00 4.846469903858424688e-01 3.036227167610361377e-01
3.106503685230158851e+00 4.682722555494625460e+00 6.344812672043307344e-01
1.363133707202168310e+00 3.254471660456900839e+00 4.367841425286274060e-01
3.528252822944453193e+00 4.903078556464055993e+00 5.685627299280555658e-01
4.150293721457788187e+00 3.475124917103478150e+00 1.147895197808135315e+00
1.407454313696699266e+00 8.859169339221950601e-01 7.114962722564971420e-01
1.996752574619116594e+00 5.672504344498130457e-01 1.102238741231111208e+00
2.709193591441494409e-01 3.798498966603169880e-01 2.103843713912312841e-01
4.261618666523569132e+00 2.661378286614486832e+00 1.173980503572204626e+00
3.108986976907867295e+00 1.835917912286466169e+00 3.222134240556416174e+00
6.817050293647053394e-01 2.441223353064882140e+00 3.963419157210482102e-02
1.130066096060664105e+00 3.367022337646111474e+00 3.670441883803096661e-01
2.585805936374190317e+00 2.321206312671053595e-01 1.499939896436172093e+00
1.351482780879537104e-01 2.771382724108546469e+00 -2.312150256058276981e-02
3.209548186493810906e+00 3.430136041479277420e+00 1.937894645793793780e+00
3.665640326230684920e+00 1.012992397698677660e+00 2.056531040216850403e+00
1.985649761672303448e+00 1.712482740153333349e+00 1.863669462327292692e+00
3.798579578779519572e+00 4.935694721643029581e+00 2.586057681008333553e-01
4.188232358703125602e-01 4.493178014068796244e+00 -1.503628204980344274e-01
3.107891862306400022e-01 4.822019181848746783e-01 1.840541605488138499e-02
1.904098717267083796e+00 4.644379691169322477e+00 4.082318768591153280e-01
3.056232888870363151e+00 2.152640966293875469e+00 3.066264719553908336e+00
4.734690353985567590e+00 3.524849248437494920e-01 7.771517320606435852e-02
2.448103652004826714e+00 9.908844069365679852e-01 1.981210635001307452e+00
3.075704938003638311e+00 4.144922839610191367e+00 1.139975757853410876e+00
4.619516885364603809e+00 3.032503045251038643e+00 5.188389395113244262e-01
2.754163663268869744e+00 8.013040323953191102e-01 2.108117108113501281e+00
3.504872181209393922e+00 4.245769830652844412e+00 9.641000410690714340e-01
4.152411138551072689e+00 2.945812295963119887e+00 1.345596110475398177e+00
8.077406473041082169e-01 2.017974575884828869e-01 1.819279785309770303e-01
9.787260750528803399e-01 9.101762012686853698e-01 2.134685568237610354e-01
1.202987301650738639e+00 1.555915165616128970e+00 4.763431477960913263e-01
2.398132194170610187e-01 2.754621656441865074e+00 1.279285645842438979e-01
1.698390919597162485e+00 3.359870932517882824e+00 9.159150673389820918e-01
9.075572495325362476e-01 1.871497258000917041e+00 2.062554842298610358e-01
4.340980017759140885e+00 1.248758520937192085e+00 1.008626946858021567e+00
3.835333170399136904e+00 1.885674159039227415e+00 2.177916652891547233e+00
6.899708603817877872e-01 4.175677321919536666e+00 1.061305962529362212e-01
3.868718980031162769e+00 4.991749885396874475e+00 4.653072955465012428e-01
3.359528954692577507e+00 3.098352133261692121e+00 2.291781261136319525e+00
3.816586801805439855e+00 1.818048051890919226e-01 1.146957120873666414e+00
1.797036431609039919e+00 4.259952094657785793e+00 5.002565530532349092e-01
2.486893855797984720e+00 1.722928943202102658e+00 2.507644699437167723e+00
4.920356009411867682e+00 4.276836716691797768e+00 2.258367266898240744e-01
2.033229392452231554e+00 1.938994795280073014e+00 1.876867510632392433e+00
5.098732570720021506e-02 8.306489718611931306e-01 -8.868483847964933608e-02
1.858757674006583205e+00 1.368190525742872810e+00 1.444441381006776659e+00
5.784454384234882784e-01 9.778892963228735802e-01 1.342709523717096898e-01
3.966522641938077243e+00 1.679154247568402925e+00 1.744317708795154909e+00
7.873002055993838511e-02 8.288384028059403441e-01 1.039707432816781713e-01
2.782328190138223079e+00 4.566959629487331362e+00 8.843293029144041473e-01
4.381366047502290861e+00 3.854662969808142048e+00 7.702657019679095551e-01
1.904011533824880420e+00 4.195519312235772347e+00 6.907594171848785436e-01
6.480897071617602867e-01 2.623262611286304669e+00 8.275707741108979942e-02
1.160465829361629897e+00 1.347768968389844169e+00 5.648346962601351606e-01
3.110377046517912802e+00 1.583588351086460122e+00 2.966500946600554300e+00
2.346063288891936383e-01 3.557204683675774248e+00 2.061311811377828165e-02
4.203690828896017306e-01 2.062719692003600613e+00 2.127862844866626468e-01
2.777861297439240928e+00 4.301630245650828854e+00 1.050360782839769636e+00
8.851791058101188270e-01 4.158108562574308387e+00 9.166795768853819304e-03
2.777806614453663059e+00 1.427757582792781310e+00 2.707621068070729109e+00
2.042884816052173313e+00 4.522566563525527883e+00 3.926941469766874748e-01
9.662864030198975440e-01 1.922880316419198099e+00 4.005255918288313510e-01
8.911386175105812102e-01 2.036565696486168253e+00 4.445512941133243356e-01
1.674938094312554693e+00 1.941294273475883125e+00 1.330857267411686085e+00
1.975801381516451460e+00 3.424772804213788158e-01 1.003963562573106705e+00
4.309659605062796217e+00 3.577387785218903993e+00 7.445595783990792693e-01
4.297706757071406702e-01 1.073345045815244925e+00 1.112369648453794269e-01
1.310458405090028755e+00 3.987595470741133852e+00 3.378370061454117890e-01
1.613268009387697210e+00 2.944204847334204622e+00 9.236823594323496645e-01
5.380115511952199281e-01 1.827887478934793197e+00 1.921488246597745919e-01
1.430171716399301740e+00 4.686251587286631271e+00 1.423154884391147901e-01
4.581841603983929367e+00 4.027174454044850194e+00 3.125202505356756699e-01
1.171229002541637865e+00 2.872434139642590978e+00 3.326264995686573633e-01
4.711947771656967099e+00 8.720719361830248095e-01 5.486744189894914303e-01
2.098515122405884004e+00 3.962704836371520489e+00 8.834032092807113656e-01
1.668130737994150792e+00 9.999741288411323481e-01 1.040048944839208955e+00
3.000705491476122866e+00 3.538102219074645838e+00 1.870748708734753851e+00
2.416594108698916221e-01 3.830719431824614052e-02 2.095309663389456345e-01
2.474263112797955522e+00 1.264419883536172406e+00 2.382208962078815162e+00
3.410392352130903859e+00 1.449264739222246412e+00 2.470197532809511820e+00
6.390815310402753191e-02 1.447464492901133770e+00 7.246676078080133143e-02
2.594511221439493198e+00 1.775308665090413740e-01 1.399943914090159724e+00
2.728649394093138447e+00 2.444667309765654828e+00 2.888146491502719293e+00
3.316153250835129462e+00 2.998598967681955774e+00 2.351770181008511873e+00
1.636714639713729547e+00 2.820976575414513299e+00 1.058468443723066033e+00
3.192841049418659427e+00 1.362974613118289602e+00 2.524527960285008366e+00
4.796463163409601549e+00 4.105365328717438089e+00 4.187511997148457565e-02
5.419839903326567621e-01 2.220687646921683633e+00 1.840321628079243099e-01
4.229804658764975578e+00 4.915551975990481992e+00 3.046002003898772847e-01
9.892571363383950711e-02 3.294806216382456299e+00 3.551012271322610131e-02
6.453126943724990516e-01 1.115584308499014687e+00 1.888204435302804907e-01
2.284599256090753538e+00 6.260399445952191666e-02 9.878680167650375488e-01
1.665803549343101597e+00 3.718454395667038170e+00 8.040828490269996687e-01
1.152775996064860475e+00 4.032311362464888305e+00 1.774614384844699910e-01
4.379353622874920582e+00 2.598807677669765948e+00 1.346501545242069442e+00
3.374757526660969731e+00 4.696758840890221443e+00 6.712415886808483778e-01
1.927253704227347431e+00 1.806797369600237513e+00 1.700449886443771597e+00
3.050877413932417959e-01 4.158187525891536396e+00 3.778292204472068899e-02
4.324489467661607023e+00 3.757561888799112459e+00 6.637221088334234187e-01
4.225575753683271429e+00 4.983764920903488438e-01 1.027130356202723860e+00
4.649020958171925066e+00 1.938165898628179562e+00 7.129499152295887265e-01
4.429648346170913520e+00 2.535125467228960261e+00 9.259608621713767418e-01
6.304635106437406211e-01 4.404899119873161517e+00 5.511802361414207263e-02
4.536634844228548680e+00 3.505140472545458241e+00 4.534256442097374107e-01
8.936671536451229469e-01 2.141384067843349115e+00 2.045478789070759862e-01
1.848419491125166569e+00 3.220352443652705787e+00 1.234600526311906643e+00
2.906571031524218363e+00 2.553994019613616384e+00 2.834723576538522138e+00
3.725828889440343517e+00 2.350837438296665916e+00 2.263690536672116060e+00
2.394329030295885286e+00 4.873958516605562785e+00 6.038901162357364072e-01
3.776933267312428288e+00 1.847697627673304810e+00 2.080373392594494497e+00
1.314638595471290916e+00 1.488421725409539320e+00 7.607268404192613076e-01
4.493534879759469192e+00 2.170922969386845480e+00 8.483129137733982361e-01
2.967606379490423052e+00 1.716865024707961984e+00 2.754963679518563691e+00
1.549953290543472084e+00 1.283102033600430625e+00 9.728576690515293723e-01
3.605503505387718022e+00 3.276993848758902761e+00 1.769253105202160725e+00
1.199638586923168493e-01 5.771129009326797510e-01 9.368948260219174540e-03
3.315311931764107989e+00 4.223411553826824871e+00 9.938807175599319033e-01
3.651387031410120443e+00 1.984327115172899614e+00 2.316941617296067069e+00
2.796980848343932902e-01 1.223985262127089690e+00 2.949237211519613600e-01
3.663390063811786668e+00 4.216131144087251315e+00 9.272779122187020384e-01
1.983089163654766507e+00 3.950246369116661160e-01 9.633705762857668331e-01
2.029791327206799778e+00 3.209615476219467745e+00 1.269664536726715642e+00
4.696263907298641627e+00 1.025201148061725576e+00 5.954420437382386133e-01
2.684295769685296928e+00 1.821988983684491581e+00 2.695723393935568701e+00
1.380103462984841212e+00 4.554335005555530280e+00 3.446609439013955667e-01
3.351101248605137251e-01 2.645929564541240175e+00 3.414733543388048798e-02
4.551277866828628227e+00 2.755316841138383266e-01 4.438250886216288382e-01
2.257771387972095756e+00 2.749743209108163278e+00 1.986265478178508292e+00
2.727933600876724096e+00 2.203455624809731006e+00 2.928307864704534857e+00
1.563728343155582623e+00 1.350243307317847030e+00 8.662374667550329921e-01
1.932818686049683876e+00 4.715001415242644711e+00 4.423591561780406689e-01
2.225144573364285616e+00 6.264833498452526683e-01 1.620414618970576148e+00
2.335560350679401154e+00 2.362498093811234767e+00 2.374209272926431691e+00
1.860627829777505404e+00 4.755115918305903300e+00 4.780840349249477761e-01
1.330050019934357897e+00 4.337120498547776926e+00 4.087876034957472760e-01
4.857793909664871457e+00 4.682055304378308414e+00 2.220629228640643160e-01
2.885387169283697872e+00 8.550896528791207540e-01 2.332496916858681324e+00
3.146977129564443754e+00 5.507853491778186283e-01 1.964008688997151086e+00
4.492303056199558497e+00 2.329267991634556001e+00 9.334755081456220793e-01
1.399892148928789215e+00 4.605023871374473998e+00 4.609494462173102658e-02
3.178186672495180165e+00 4.453458074219430074e+00 9.253359308813128292e-01
2.702296528452505342e+00 4.354124229805068858e+00 9.879604884662681608e-01
2.468586836190711509e+00 2.037040685049005262e+00 2.610289706814182153e+00
1.685934744113043449e-01 4.257887367844134019e+00 -9.514300983282894530e-02
2.302672883323965802e+00 1.355945982030541508e+00 2.194240576037935320e+00
2.850725354726029614e+00 4.837450904259121387e+00 4.982372881134661813e-01
3.920465365103575905e-01 2.784878683067428362e+00 1.800840514054691255e-02
1.822945475595597609e+00 2.762757420180808499e+00 1.259572550624169951e+00
3.794214321949874069e+00 1.582719109183013950e+00 2.041165601826059550e+00
1.558988174802488080e+00 1.380283339183163704e-01 5.462964182855751805e-01
9.116239511953816432e-01 3.144435412155781595e+00 3.830528548225505814e-01
2.395643742470487503e+00 2.769620866859423547e+00 2.317398740266034096e+00
4.553572637427943937e-01 2.004282462447332103e-01 1.361015215608127882e-01
1.599253739670053465e-01 2.262106006566800609e+00 8.197129318981301316e-02
4.355529452504280030e+00 4.229742266242556781e+00 5.286351052396036643e-01
5.415604934603251985e-01 1.722900605084509706e+00 1.962464151301513693e-01
4.944825752625717996e+00 1.834301911716003541e+00 2.762715728712977770e-01
1.010383954629930914e+00 3.402731920749012318e+00 2.057215300005615921e-01
4.780809897291492305e+00 4.648478513399551204e+00 5.248767768562617730e-03
3.214882809990954327e-01 1.571804984200825261e+00 -5.515359409086237341e-02
3.537144448447165246e+00 4.483228246831749697e-01 1.598579657530051490e+00
5.814019516851121061e-01 3.071797059325325208e+00 4.860837570380403816e-02
3.039688413041956583e+00 2.972235788412687096e+00 2.346961942192903106e+00
1.475347852346836630e-01 2.782879482930200599e+00 -3.460084606834673560e-02
3.081615497587178787e+00 2.338775186177435739e+00 2.874463462299336580e+00
3.979472479539578167e+00 3.908455930336465212e+00 9.779459170533688628e-01
3.172254861414169902e-01 1.928250878200103546e+00 3.896664537562530284e-02
4.759272136142308263e+00 3.784811015369553999e+00 3.984868766650965788e-01
3.564806526374861395e+00 4.671664730690325840e+00 4.585815126267162034e-01
2.373294268592947009e+00 4.012998530482738246e+00 1.215223742400381779e+00
2.065852084608720940e+00 3.512111238871843177e+00 1.335315386286354489e+00
2.512817514611028091e+00 2.664664757367842363e+00 2.253929793029406881e+00
3.899633937314052723e+00 3.469574623772586630e+00 1.316346001905699170e+00
1.465430714054637429e+00 2.437755785804274211e+00 1.059123979352970757e+00
5.846278477390198791e-01 3.633804987879318826e-01 8.268689925471492397e-02
3.684966310377071341e+00 1.614748711849070428e+00 2.163641825770919791e+00
1.576798652186509608e+00 4.866297304850895955e+00 2.635091627266734626e-01
3.096311167086664540e+00 3.090477277590532701e+00 2.347482619261414882e+00
8.123146241747636331e-01 2.486193592436634514e+00 2.379459533325200826e-01
3.187481319475815589e-01 4.302929623775011869e+00 1.027491298667609076e-01
4.121297718812760635e+00 4.607243411056227700e+00 4.179764885132299934e-01
3.793673163214814181e+00 3.938991995669576252e+00 1.077566427340751920e+00
2.286276516086560129e+00 3.356624130246783189e+00 1.724439479460262659e+00
2.199084639129160745e+00 1.581289879101117180e+00 2.126225411967744172e+00
1.939402878434492994e+00 2.862459999333838212e+00 1.497840594622255939e+00
1.645869810451574100e+00 4.536207309531703480e-01 7.610074883689953440e-01
3.688179090311626496e+00 3.924496695944548197e+00 1.176004948866202326e+00
2.694022060060107915e+00 4.196804626902802760e+00 1.088188850175405564e+00
2.600055609493105546e+00 2.292540622505065961e+00 2.808689956414805344e+00
2.812971704901655379e+00 7.690518907865406817e-01 2.492239213033673018e+00
2.325279984374302167e+00 2.445403111657964423e+00 2.389912730601438717e+00
1.051643833654060112e+00 2.542848042828227850e+00 4.903821493888189664e-01
2.769921409004582280e+00 4.221229282302685348e+00 1.062511308717732472e+00
2.479318366029119147e+00 2.778777588160352696e+00 2.170052807257672800e+00
2.155064999157927375e+00 2.688827616221056704e-01 1.144792672550175139e+00
1.715864851306689420e+00 1.597605836467555385e+00 1.369689113373352196e+00
2.203501232863017911e+00 5.971885369005591748e-01 1.417951898485076745e+00
2.624592209907623541e+00 1.342846866987233989e+00 2.544500717627806718e+00
2.050780020049610020e+00 1.436243348380743523e+00 1.859265495888632991e+00
1.770307107110893785e+00 2.502707607177415028e+00 1.375579233706303972e+00
3.507479255433643583e+00 3.393863708150988590e+00 2.004994363556923176e+00
3.484625173831501943e+00 2.589368258035218862e+00 2.331355249268888041e+00
4.797989808044905935e+00 1.754393349608658337e+00 5.002761450507482444e-01
2.500691438125228760e+00 1.098664217971356383e+00 2.366558120686604649e+00
1.562290164732813125e+00 4.539261876526844652e+00 3.320183572750110557e-01
9.124667528182239806e-01 3.972711482243535652e+00 9.688368878856039312e-02
1.370942818084082582e+00 2.315363732970876942e+00 8.607801829491555923e-01
3.332180689726734091e+00 3.803645500919055067e+00 1.444924209379033764e+00
2.815607848023800042e+00 4.409384974648887123e+00 9.753053658405804738e-01
4.018357299746374345e+00 2.995774860803068762e+00 1.414640082285427036e+00
2.110373222374353208e+00 4.710886603595331401e+00 3.741046817595528040e-01
1.615752187946799534e+00 2.705459413267754964e+00 1.107617896836962545e+00
1.211639796347181885e+00 4.259545211037263357e-01 3.376692591830421919e-01
2.838791774127063405e+00 1.470047333491903530e+00 2.714327528299215864e+00
3.654066108638094335e+00 1.774799528804717585e+00 2.484736835056074788e+00
4.808770195259530311e+00 1.036151200464461741e+00 5.617801068452731306e-01
4.572072253933126440e+00 3.441064855652788523e+00 6.167179283950686708e-01
4.502542103754580083e+00 1.358671977070553094e+00 1.021070464225303009e+00
2.480023347448735649e+00 2.410664639888911331e+00 2.620751806586243404e+00
3.208428899019249991e-01 4.550597394366477921e+00 4.239759702871061242e-02
4.943900263068264245e+00 4.714266291954663401e+00 1.347184191538626508e-01
4.862272697572719515e+00 2.855448024568051579e+00 5.830885036824475787e-01
2.025577507753278939e-01 4.976041541998627027e-01 3.143090098004139299e-02
4.276468373097120690e+00 3.655572654427550638e+00 7.624648950983764495e-01
2.928437622124863804e+00 3.859685669254386831e+00 1.535702819593787849e+00
4.126410487315082420e+00 7.520788020125268591e-01 1.174514867275729291e+00
4.122174065123727082e+00 3.342245208733314765e+00 1.174275164579997366e+00
3.447185222920149172e+00 4.026789777438517959e+00 1.108806674059062303e+00
3.733943507592080158e-01 1.568400258138711312e+00 1.707366774362170658e-01
1.559630445843660063e+00 2.195803736570840492e+00 9.638007390047177436e-01
4.542946885785691613e+00 3.853993082166309314e+00 5.169792204995641294e-01
2.818336678045285648e-01 3.007680868590361101e+00 1.288561965984920676e-01
2.221909642188438117e+00 3.218154647193474105e+00 1.718355359995437759e+00
3.333643662949348219e-01 2.230122853872215316e+00 -9.987765646902735384e-04
1.077134411919413726e+00 7.120577621687124159e-01 3.176950834757075182e-01
5.735777857069135344e-02 6.561056621427363567e-02 8.607727064811776518e-02
4.683916456583475885e+00 4.670867724705423107e+00 3.499358140472821899e-02
9.388174325702175471e-01 3.583890122215258156e+00 4.079912907970049685e-01
2.694620397477383911e+00 3.481990714880769389e+00 1.848273047897828869e+00
4.145600839453353004e+00 1.865566248128627258e+00 1.567720947203975923e+00
7.944779000910534572e-01 3.759013840868371759e+00 2.433231051783670829e-01
1.165476065561216856e+00 2.155769413144963842e+00 5.252602613840664514e-01
7.959253210366484810e-01 2.771290335754090783e+00 2.622334594425940191e-01
7.713667880754365713e-01 2.868478735837660665e+00 3.816637143281909061e-01
1.207192071348295315e+00 4.223482539175555495e+00 2.185281067735633520e-01
3.330210768398965016e+00 3.883160691569595979e+00 1.472088800187896229e+00
4.271489150825479086e+00 1.985309730218196123e+00 1.381054909652189355e+00
3.630936040899856998e-01 4.305812686078402951e-01 1.392604753580330146e-02
1.011693733345310209e+00 8.626817736039787965e-01 2.551062488793627847e-01
4.641487119816919638e+00 2.050684729828675223e+00 7.280578502568365584e-01
4.295511138927131434e+00 4.642299845356313348e+00 2.719010776664606555e-01
2.945532742520658331e+00 1.440996190978782732e+00 2.766174978747240498e+00
2.153087792039778847e+00 1.345104573743250986e+00 1.913229038327569631e+00
1.614298171329172638e+00 3.437370715482081618e+00 6.758485445532215197e-01
1.367296923530017416e+00 2.098988450339456246e-02 3.721939043112306722e-01
3.033709246220587019e+00 3.268232497878193588e+00 2.047211284068506831e+00
2.186703064352366166e+00 3.507012787536644360e+00 1.296166388067121034e+00
4.729593731710709292e+00 2.243368093387235085e+00 6.456715349307592389e-01
3.724691667148420482e+00 2.465549309707118386e+00 2.208217742902741865e+00
2.435915056925802569e-01 1.334012134987644371e+00 1.493552175319723396e-01
4.325952371264741636e+00 7.670453542512284395e-01 8.919813473775154433e-01
1.607500065247529086e+00 4.034725078892273942e+00 6.466649805381373683e-01
1.420886242490877915e+00 3.416747129872594435e+00 4.897135811009293294e-01
2.143709890721110956e+00 6.974344474477389699e-01 1.315973355625431829e+00
2.344807964820502022e+00 3.073487099001070533e+00 1.954756457111577861e+00
4.622796872602277674e+00 2.484193975108811792e+00 8.621293214369494251e-01
4.872556746718090359e+00 4.362461978164036580e+00 2.324741497580141980e-01
6.430435029309672368e-01 3.680845830914853511e+00 -4.484807429559173331e-03
2.369843916276231255e+00 2.691670730786394072e-01 1.371787094684179031e+00
2.286862885580378535e+00 3.477518199700733170e+00 1.500438939392427784e+00
1.580737119756821407e+00 7.706661381255042187e-01 6.563368560685922670e-01
1.494629868218064317e+00 1.652262487700865812e+00 9.671408484105527004e-01
1.643276266109070072e+00 4.169704975866210361e+00 5.158860773619331486e-01
9.792004865302578187e-01 2.256150401601462629e+00 1.206135936856437829e-01
3.405179051878337582e-01 2.353082606990060555e+00 4.430972510351981197e-02
4.425689118672481825e+00 4.480437483433519219e-01 7.488300052426386522e-01
2.659058827293654836e+00 6.845504185589296187e-01 2.003680609517438871e+00
2.166834125390832533e+00 3.154183322537191803e+00 1.608731852626045011e+00
3.925723940580433391e-01 4.478899830638194857e+00 -8.349184907742338013e-02
2.773675669437758451e+00 1.981979210318834950e+00 2.922081286220886032e+00
4.684905079703297837e+00 2.135687621058368624e-02 2.166753789862478075e-01
1.311756977133707869e+00 2.852213976034113863e+00 7.234820083839896832e-01
3.473675815131711531e+00 1.922057111235859761e+00 2.752788261498230415e+00
2.081285747706723477e+00 3.479945512657349305e+00 1.271052648966467524e+00
4.191056871111114468e+00 9.225387703838722198e-01 1.119852301576358400e+00
2.021212807713830717e+00 2.814842439960678178e+00 1.580595716491825842e+00
2.099401065650257525e+00 2.840317371391613666e+00 1.818061621456655619e+00
4.625343420750992252e+00 1.276242367974729675e+00 7.209653325890695852e-01
4.120270956813084418e+00 3.537889881118394531e+00 1.025567025966507506e+00
3.141756729935283765e+00 4.651317457835026481e+00 6.227803823315858356e-01
1.615753444767950686e+00 3.841724017754660991e+00 6.288764537450604042e-01
4.398136011117270705e-01 3.300472531083281647e-01 1.139506084002661346e-01
4.197050289624949748e+00 2.310061196509721748e-01 9.736498323893808537e-01
1.825096285077705272e+00 1.700302852036005952e+00 1.441242691149881461e+00
2.091511441676041638e+00 1.715779178367524249e+00 2.122826757346431226e+00
2.412074729819409402e+00 9.759300087484307218e-01 1.921368023341069042e+00
1.018083225196764197e+00 4.801753131916380646e+00 6.385120678440900366e-02
3.021164196558773218e-01 2.828575989541431301e+00 5.618528481065473285e-02
2.406804007866672368e+00 2.851691834255129621e+00 2.173710130817357200e+00
2.893926307546952348e+00 7.542925454670407204e-01 2.004527400292269501e+00
4.449144503049887511e+00 6.082282117971665736e-01 6.281179731209027839e-01
4.245182412662024118e-01 1.607593851654472328e+00 6.629721080763847918e-02
2.720109945596188794e+00 1.036870590503660150e+00 2.390566573167215214e+00
2.317840920905593904e+00 1.981939254566046360e+00 2.438514500428790033e+00
2.216917144993939992e+00 3.135370019432999200e+00 1.672127543587760279e+00
3.492178790897948915e+00 2.973021144734547150e+00 2.204679280771095318e+00
6.370300768437903161e-01 1.590942328683342843e+00 1.090181611384210408e-01
4.670575348913962976e+00 4.480406818145721282e-01 5.285652525209609820e-01
4.192459190948937930e+00 1.662501721058810666e+00 1.588658562562617060e+00
4.846050058693204043e+00 4.995850508664841705e+00 2.267873266530699983e-01
3.878082025044393699e+00 7.717115656767553622e-01 1.555377064690260047e+00
4.279235466422132150e-01 6.040761696150187543e-01 3.148263827600114584e-02
8.723553874139300390e-01 4.549971826989873236e+00 5.651247450495583413e-02
1.670538689733076065e+00 1.519363456495497644e+00 1.280687875191678371e+00
8.443224910476260225e-01 1.197490141198134239e+00 8.850150585878757692e-02
2.537077175478688051e+00 1.010713229212631514e+00 2.333645071921364611e+00
2.889435092795216153e+00 3.814474929225968314e+00 1.493912226169463064e+00
4.888510908899709406e+00 2.332515433443743902e+00 6.987035606513893882e-01
4.414222336270402280e+00 8.814263877501582467e-01 8.073852975111690533e-01
2.717110007339941902e+00 1.429589516751244016e+00 2.698244377297210228e+00
1.184520399944485991e+00 1.671269022660518688e+00 6.851905866270542322e-01
2.542519376097668315e-01 4.807739741251647381e+00 -1.210878809833458858e-01
4.213139392632767155e+00 2.233811365087134959e-01 7.923731079247922082e-01
2.545314398129720601e+00 4.378691065539314087e-01 1.637745392026614955e+00
1.551051517845762451e+00 1.268152943931815546e+00 1.046338456141964190e+00
3.402370834930763532e+00 4.200830568554051681e+00 1.117267769141207179e+00
4.170192257077371956e+00 1.644136146707852575e+00 1.603378400348366206e+00
3.028868777130939716e+00 4.490416000129572538e+00 1.014668689656081924e+00
3.829971078813247054e+00 3.200057398849603940e-01 1.297804329844696847e+00
2.775911368914789179e+00 2.244731133889584118e+00 2.878287349726112776e+00
9.001329094352622517e-01 3.059937213337367456e+00 3.229888448587002747e-01
1.152083901451652626e+00 4.688318677926221589e+00 8.113568636380440180e-02
1.480487266363310628e+00 4.644733028050521462e+00 1.264707469575260257e-01
2.837195984576383445e+00 3.003813940378679437e+00 2.314195547246385765e+00
9.506131892193481203e-01 3.909402280074276259e+00 3.563950286594477213e-01
9.410692418588434416e-01 1.216062479501478499e+00 1.682465244641352109e-01
4.663323923937727322e+00 4.020811871138680438e+00 4.368413725861410302e-01
4.154017772569057243e+00 3.875900879771097429e+00 7.587081444713213996e-01
1.831965744950961206e+00 6.057720413759193345e-01 1.083219157001021449e+00
1.040269561636277817e+00 4.891165372617739315e+00 -4.202884092245466607e-02
6.467208016202286025e-01 3.208231810910642245e+00 1.305822834742606520e-02
1.293306769588951521e+00 1.813707970101154920e+00 7.352749816826529283e-01
4.018310293479798290e+00 3.113627326472521162e+00 1.277626990822516850e+00
2.869619555396851762e+00 3.825306362438021690e+00 1.625345401564778580e+00
3.920999388303998412e+00 3.391402058159163957e+00 1.298272982192624436e+00
4.894329087902750786e+00 1.454524177485939651e+00 3.335975241244255596e-01
9.999255548267194094e-02 1.144499012798785298e+00 -6.643008235450950649e-02
4.648090747401655065e+00 3.701715454930694094e+00 6.384448000544981072e-01
2.305087187542389504e+00 3.280721799102281899e-01 1.440273572257107393e+00
1.488969009029486479e+00 4.440707936010515944e+00 4.050977891454933255e-01
4.469106439885404569e+00 2.332244849614044657e+00 8.877252708941976156e-01
3.843672851406835900e+00 2.230828985299064815e+00 2.205939911045141422e+00
3.250237245094766969e-02 7.555638387093421837e-01 -5.360259028404480014e-02
4.288397708762798466e+00 2.947985581716777048e+00 8.884564391472372646e-01
2.563436948283527972e+00 9.012877800219004643e-01 1.988036528500490618e+00
4.036231653903400662e+00 1.811553166135066562e+00 1.718490565822429206e+00
5.524699960721962677e-01 4.924062267087730982e-01 1.907270397328134082e-01
3.394653548174618507e+00 9.616861141643351374e-01 2.437428555959646914e+00
1.346036812231016233e+00 2.391235100894546939e+00 6.859842139741887390e-01
1.648682597572198594e-01 1.535542812068690921e-01 6.398525370815401347e-02
1.077956603893792664e-01 9.696965382489308727e-01 7.356129205033645757e-02
3.412466648896276933e+00 5.044552128703266858e-01 1.664662459698504682e+00
3.094267853031612558e-01 2.845554137045435805e+00 1.492267192522409580e-01
3.993602964555018175e+00 3.806663420287519362e+00 9.924381043343182274e-01
4.091792739564432679e+00 2.942073823835764657e+00 1.289900332677285988e+00
2.684273315807053528e+00 3.721204124299398508e+00 1.633615872293758375e+00
3.814196383134322410e+00 3.897918626490021410e+00 9.629655749551495614e-01
3.588116411701641750e-01 2.371567274587826457e+00 1.929427005424028119e-02
4.407971288224815432e+00 3.821437152140299887e+00 6.010823722935065838e-01
2.687794167833248871e+00 3.949973231209804148e+00 1.473298667953617969e+00
1.930096510155718814e+00 7.437430611793194313e-02 8.658535427739143531e-01
8.212189120302654244e-01 3.543598710141009356e+00 8.302027734410434567e-02
8.812535456384151811e-01 1.357788946856759882e+00 2.774911912713342588e-01
9.388760628882081294e-01 1.133897653375133707e+00 2.766612638750372555e-01
4.865441982966650869e+00 2.298798523012086648e+00 4.450271305316684800e-01
3.727427015531721732e+00 3.770607494216154931e-01 1.509465660085595573e+00
4.959823999013595497e+00 1.910768104426411984e+00 3.950564368418664207e-01
4.572440036524538343e+00 2.978011534757348144e+00 7.767905129067594894e-01
2.487969272870116821e+00 2.193695994920732417e+00 2.540117610199693399e+00
7.623027356859646275e-01 2.895928054115888717e+00 1.682335837378285126e-01
9.068323389818816471e-01 4.608968553922708544e+00 1.599345596789130131e-01
1.375225872846290276e+00 6.620476043389944554e-01 6.517959044556314030e-01
1.878358583520832070e+00 3.859424680742629121e-02 6.533242316998429944e-01
3.920193865276814904e+00 2.612474409735368930e+00 1.730595678493371370e+00
1.259739821903804735e+00 4.155027623485448629e+00 2.516058789128002293e-01
3.017622257583533862e+00 1.059672506508358314e+00 2.453225948993026151e+00
3.590017459794178301e+00 2.172072024374481103e+00 2.572395063153420036e+00
4.772289593854837975e+00 4.619636223945439824e+00 4.161518068811015381e-02
4.672370711295616097e+00 9.433588293035483074e-01 7.147093564628945739e-01
4.675557357184776386e+00 1.366183912481522267e+00 5.696256592265740437e-01
8.614238145698471794e-01 1.254632436096925208e-01 3.235613031308983700e-01
3.225616480042564405e+00 4.882031354256326949e+00 4.530596994341035133e-01
2.167419587137975334e+00 4.323426917540414749e+00 5.673372319798217767e-01
2.597113041386094334e+00 1.702194877599814582e+00 2.642801325777190069e+00
1.192661046521548140e-01 4.415893861985241031e+00 -8.660836873447309153e-03
4.046708176935039702e+00 2.585861082873460060e+00 1.731280881362538215e+00
3.125502985856480898e+00 1.820704507739978162e+00 2.902745999648089104e+00
7.753026373576304975e-01 4.989511889963861968e+00 -8.901498854787082138e-03
6.998581292215777516e-01 3.810586420183738277e+00 2.235158254586175619e-01
1.014238559118676886e+00 4.182923969907779593e+00 3.896775294823233704e-01
1.592790446894145617e+00 2.825443346214650653e+00 1.153259561042272896e+00
2.889317878320951660e+00 3.774751087007295780e+00 1.527605132093080353e+00
2.173239737643430924e+00 3.313739968249891810e+00 1.625839975297003859e+00
4.446862792471027781e+00 1.312180901395461063e+00 8.737486145981410157e-01
3.724975675982324930e+00 2.662511207608551977e+00 2.202827396415077743e+00
1.870854165817350534e+00 3.466396885338229428e+00 1.278115193617243239e+00
4.483431737633591929e-01 4.208345685813071668e+00 2.557523400539477368e-02
6.253906010610538191e-01 1.801244294132269275e+00 1.360195270866590977e-01
2.552533345235746820e-01 1.632640209444338630e+00 3.597144277421952113e-02
6.953863926647402272e-01 4.066905141176376581e+00 5.816000975788789690e-02
1.698360975769426684e+00 2.817476027820675633e+00 1.205411064435773172e+00
4.653699929703244642e+00 3.888228691597968023e+00 3.999291304840696393e-01
1.857347113063316790e+00 8.131645119068126037e-01 1.047889263847108232e+00
6.954771314598967580e-01 9.923703944041423197e-01 1.551611916581181472e-01
3.331136482538338939e+00 3.163912648898939750e+00 2.158328817359776775e+00
3.405284586572574046e+00 2.718693464166135332e+00 2.273715804122018902e+00
4.373188372779282851e+00 1.414456579078260390e+00 1.091698785535222926e+00
4.540985207601468510e+00 4.570590468152697206e+00 2.452034969592306601e-01
2.715651995286050280e+00 2.589529007510245062e+00 2.738989374473266292e+00
3.196365589732091284e+00 4.838758564469042511e+00 8.094064579658984959e-01
2.423970093484419497e+00 7.564380096432854472e-01 1.909730544969544086e+00
6.002129773591141637e-01 3.586111459401682744e+00 -1.532097822814951216e-02
1.219400444575535758e-01 3.328556114497833729e+00 8.888208200549746474e-02
2.696192167321737054e-01 4.607809098712106533e+00 -1.162359979632908713e-01
1.718938048146430031e+00 2.282720529905135631e+00 1.265712496318618596e+00
2.594324062470640957e+00 5.644903610765755753e-01 1.795541793589029211e+00
4.409149385942529031e-01 4.646260187431764166e+00 3.861680513754101041e-03
1.326207535792861547e-01 1.759238712062128895e+00 -3.101656724650830171e-02
4.111939167451609478e+00 1.784174365222153114e+00 1.480019685151712672e+00
3.926515740967789103e+00 3.495283581786133187e+00 1.128752464391159060e+00
3.273635849376034912e+00 2.917001280241060535e+00 2.426756038281267625e+00
3.832852959076591404e+00 3.046746844395076703e+00 1.687909078778825123e+00
1.645259205589659768e+00 4.507054643017333717e+00 3.845309250240287469e-01
2.057533205606378424e+00 4.673684063206922978e+00 5.657338123461497226e-01
8.115367920533811397e-01 3.912718378801397279e+00 7.506474683777236701e-02
1.420044301650790208e+00 1.765152673695235652e+00 8.365187453794937777e-01
2.419545065447295418e+00 1.046505152676197037e+00 2.127709507853845494e+00
4.107742345236509607e+00 3.321185002532109465e+00 1.238948707431256402e+00
3.227195246359271685e+00 2.480683534730915962e+00 2.821673256523229867e+00
2.332886841595318117e+00 2.148502032620971836e+00 2.247689827176963195e+00
1.587948594736055430e+00 6.974802680221070528e-01 8.205355454666489745e-01
1.959716228699585727e+00 4.055867355746228142e+00 7.592059828882108397e-01
2.300051839821924293e+00 4.431067460344649156e+00 7.355251231045347726e-01
1.179729975383552176e+00 1.986707915079487519e+00 5.670677537862655049e-01
4.380273757773231580e+00 4.119741499676042196e+00 3.871122176523216774e-01
3.298882001338170777e+00 2.813675079965272108e+00 2.500020210528154152e+00
3.777237912972320366e+00 4.520556657683266089e+00 6.907781290809510422e-01
2.055784868022509926e+00 9.426438576624746046e-01 1.553560071504306972e+00
1.009634044748195958e+00 2.989902397625195274e+00 2.910018627486580245e-01
1.538208903469282518e+00 9.595183241334115376e-01 8.489886795661348851e-01
2.270855897374236321e+00 2.345181949003487532e+00 2.234185095207921634e+00
5.645882419859415968e-01 2.611870100441120002e+00 2.830044639726507216e-01
2.745769244432894496e+00 1.153358516774327658e-01 1.355859998927535726e+00
4.769418349202372731e+00 2.959989284836535450e+00 5.181224810453587404e-01
3.632945227786099629e-01 2.274295750003942462e+00 6.210119070359627902e-02
3.182707839677711981e-01 5.002794332218746254e-01 1.247318066237576295e-01
3.803497480920204232e+00 3.400600594122487941e+00 1.568187945370269176e+00
3.397222037132765493e+00 1.321871595313623970e+00 2.659514377064285728e+00
4.548740999622774561e-01 6.486239492003631479e-01 1.622358071942835434e-01
2.428342328096628311e+00 1.190105485632416693e+00 2.067481271252256558e+00
3.050291707155639020e+00 9.383306022538084878e-01 2.332528496284115072e+00
4.396515871640744422e+00 3.370256029269022235e+00 9.708860943698388590e-01
3.818752598735317250e+00 2.632121508963344958e+00 1.945384972972591830e+00
1.685588833222751326e+00 4.423893736571410606e+00 2.030151676807781247e-01
1.635631848135850497e+00 4.544083737726123395e-01 5.449679026761604650e-01
7.686591230255485074e-01 4.701268448815852707e+00 -9.565117446965643033e-02
4.246461505626752952e-01 4.211918012137207512e+00 1.144421582131850273e-01
3.139763780627080170e+00 2.235100911035423632e+00 2.799257975862752268e+00
1.474480382698564629e+00 1.587041818865858600e+00 9.460828703591022126e-01
4.274654906394861342e+00 7.552128884484599070e-01 9.028107096092613526e-01
1.032568362882196888e+00 4.622164197305184352e+00 1.285777357882369465e-01
1.265320212978593872e+00 3.262984744342037224e+00 4.583851820041345837e-01
6.486733017258738965e-01 1.469435239741003763e+00 1.952240891007607781e-01
1.689413620288562790e+00 3.347879369986241471e+00 8.058862862213825862e-01
2.183324617474067697e+00 3.581472182796499482e+00 1.375843980096820296e+00
1.318271219899535662e+00 1.566625486445524240e+00 5.137293302062904132e-01
2.860537328033143645e+00 1.556537954003681001e+00 2.957962290777536918e+00
2.030601371061403704e+00 4.049212386951493770e+00 7.439024691374722664e-01
4.807475712072204033e+00 1.493969105672237507e+00 4.837862375330257980e-01
4.489051711896191676e+00 3.165156834374516226e+00 8.291852526929659462e-01
4.668671007217128022e+00 3.272063025794775371e+00 5.619139513054132173e-01
1.803428945627125746e+00 2.510181312641215801e+00 1.423760129493466309e+00
5.973082520064582068e-01 9.820760920903987001e-01 2.416535098842101381e-01
7.240310085978163279e-01 1.897042590861447442e-01 7.742090112133083457e-02
4.864361888344534535e+00 3.152071408447172818e+00 5.178915622264852470e-01
4.728176071407957926e-01 6.208319996208322422e-01 1.363456342561573109e-01
3.684646395402746410e-01 1.805576993490360493e+00 1.902395898295000110e-01
4.803406067782972633e-01 4.618539473635138393e+00 6.001899754944645116e-02
3.154944572183238094e-01 2.458744579990001178e+00 -5.472171685216541126e-02
4.949785987061917858e+00 4.298267528212424970e+00 5.265066114586916535e-02
1.472499240967118261e+00 3.918031683414194166e+00 3.906629013102909664e-01
1.117657673891540693e+00 2.421320659991921254e+00 5.116280731957755235e-01
1.279863413051583354e+00 1.680369675406967023e+00 7.374864633288122917e-01
2.272480878729595588e+00 1.966383242149033483e-01 1.294180244417806325e+00
4.476954848165009437e+00 2.619141648181493753e+00 9.330014510397142136e-01
3.468913271211104821e-01 6.364274496127469982e-01 9.936666883059475097e-02
3.847505159840844513e+00 1.353040408938943617e+00 1.833069902726682798e+00
4.886650703518657934e+00 4.126330340461094259e+00 1.841817466803446490e-01
2.309309791474900564e+00 1.675919224939781405e-01 1.166175575045824031e+00
1.408776647796310399e+00 4.025618843195003294e+00 4.188234942751845602e-01
4.263474686287265669e+00 2.415134136773263940e+00 1.170102507441280970e+00
2.605447408896484518e+00 4.863138036026902533e+00 4.660373853855308002e-01
3.040848883955711734e+00 1.737969320294319164e-01 1.495555031143214419e+00
2.318608463162243893e+00 4.638720234207060145e+00 5.955858614416105201e-01
2.245757565171146997e+00 1.801354485615057621e+00 2.264500294084979437e+00
8.456520614117557511e-01 1.291376043447639566e-01 1.649225004745928647e-01
2.919499416663501323e-01 4.903059113021123849e+00 -8.448754056589267980e-02
8.877409061099034160e-01 4.614980989275319079e-02 1.096865029279882470e-01
4.692349009693082884e+00 2.859489582464525448e+00 5.336058092683324539e-01
1.741189150663907670e+00 4.353768121706118599e+00 4.566426796510206776e-01
5.664231566406219276e-02 2.981049695687596923e+00 1.845328174481881967e-01
5.722902542395358338e-01 4.434113858244526085e-01 1.401303262409249462e-02
4.926914728299937707e+00 1.516729534037365434e+00 4.445296839009241219e-01
1.459267099582062244e-01 4.037746518960984687e+00 1.113115301609233082e-01
1.215927959915874546e+00 1.255412242269263734e+00 5.385379630067029799e-01
1.220414557456411808e+00 3.243896945110629204e+00 2.766780790330811701e-01
3.673964630464387593e+00 4.235713065772265473e+00 9.917471700198559059e-01
4.264615857827465106e+00 3.990917781163014322e+00 6.847165175420826255e-01
2.454304199200153747e+00 2.206103719581876010e+00 2.683582071925366019e+00
3.098466950483032445e+00 4.292763690801786325e+00 1.027978418358083568e+00
9.484793505148098047e-01 3.452262413820471387e+00 9.714767972485160996e-04
2.059581495234295900e+00 4.527896499442985778e+00 4.541163542350383220e-01
1.773210677410240077e+00 3.205332896752302485e+00 1.101370078295861310e+00
1.363172135087207248e+00 5.267052676868644312e-01 3.698917260719769562e-01
4.917009309597431432e+00 2.438134078551093431e+00 5.319528699248228243e-01
2.886727237821981262e+00 1.192525873678031978e+00 2.537377927064961014e+00
5.665149427755805656e-01 4.907462951142849139e-01 -3.815508829612664077e-02
3.617961700637463807e+00 2.079796025199580178e+00 2.590427457774829190e+00
4.695734479879627443e+00 4.253285770478337779e-01 3.318271854248097674e-01
4.892727159882816146e+00 2.178054938150322695e+00 4.009980536911830762e-01
8.597676409557425403e-01 1.358988699989272408e+00 2.541487025973814817e-01
2.883968476167306783e+00 7.860556201086799089e-01 2.174157903246557222e+00
3.219193096161502954e+00 3.014415668409524240e+00 2.286361365633453602e+00
1.372990468770114880e+00 3.649325829219991491e+00 3.886393444946071862e-01
1.775538024044948093e+00 5.194009513309993942e-01 8.195147721930740037e-01
1.636175438495652390e+00 1.828045060519711829e-01 7.255810116711260971e-01
3.580473579795789840e-01 4.779742916808536357e+00 -9.257719470945072193e-03
3.551850335981252993e+00 1.274148293845686730e+00 2.269528404891038686e+00
5.909104872382686668e-01 4.666615038751430689e+00 -1.171610563304513047e-01
6.953130671323581868e-01 2.815389909197435481e-01 9.440252542487991005e-02
1.211457719184938941e+00 2.842434044129343862e-01 4.175261556423706666e-01
4.486848515627192668e+00 2.181496538950827846e-01 5.442614910474863343e-01
3.336216883684650192e+00 4.990510336652726586e+00 5.649772674625109792e-01
1.069490725547125320e+00 1.214134768249459650e+00 2.447379473875383460e-01
1.091158073062993950e+00 3.298321779079666172e+00 2.638813896991600294e-01
1.448226378861730446e+00 2.950946053019435134e+00 7.173923351670404847e-01
2.761310015674617313e-01 3.207029321147262024e+00 1.033011483756198778e-01
1.345667234879362351e+00 4.921166881586297448e-01 3.641655035750748226e-01
4.392553556004669346e+00 3.369813207744654537e+00 6.788082356420908070e-01
4.849826433310438389e+00 1.145056200940353097e-01 3.173270566238968193e-01
3.518764481008702205e+00 2.329143551651577049e+00 2.565297539850666997e+00
4.106788334146072028e-01 1.303503089065107812e+00 2.769416595916669444e-01
2.546840660614714924e+00 3.253292721113232755e+00 2.065874807562498194e+00
2.436157614193684928e+00 1.493039053274156647e+00 2.438925022424048183e+00
1.290455336874965386e+00 3.558497268171315397e+00 4.361777429328760336e-01
2.851012079414104061e+00 2.812712230790671342e+00 2.423238267802572565e+00
3.389146303697105900e+00 2.809243695324548096e-01 1.782191728429345368e+00
3.082911935515634028e+00 4.556160844624146833e+00 6.990283617300996344e-01
1.340773999674651051e+00 3.020481810769864328e+00 5.559456703644624076e-01
1.775443598053729755e+00 2.538919692491803382e+00 1.202491652062593674e+00
4.393038267945970077e+00 4.999421960786348818e-01 6.594389664145915431e-01
2.173812432704512965e+00 1.001341311559755809e-01 9.295533804752303952e-01
1.857894076715782550e+00 5.036011691793879086e-01 9.079121484979877366e-01
4.781633044000299648e+00 4.883151998176106900e+00 3.125607011658410039e-01
3.899319836448783549e-01 4.717931920299641924e+00 2.244536000498700834e-02
6.734488292136364684e-01 5.142868219542884312e-01 -6.135369694401121565e-03
4.106867853612537367e+00 1.845020584070174996e+00 1.692255796203392615e+00
1.383175311582929723e+00 1.091858410482460684e+00 8.095544955079376770e-01
1.866956767680572060e+00 2.311824371364301633e-01 8.971838679476431544e-01
3.111393568840383317e+00 1.840252333245877114e+00 2.833981654692982133e+00
4.420575670991168771e+00 4.927012475141712144e-01 7.040476974207421357e-01
4.730286313925008201e+00 7.258336652027003177e-01 5.889101707584420975e-01
1.714987544653863605e+00 4.577649501784038399e+00 3.001499795743033383e-01
3.557851536064363884e+00 2.621650871017025430e+00 2.273175273765452697e+00
1.349109008451319536e+00 3.501353051585894161e+00 4.876710121513195273e-01
8.149174632300631993e-01 1.944553080112978005e+00 3.405819161081472535e-01
1.324220080848006020e+00 2.992735367222217224e+00 3.929307824832621310e-01
7.070526550046390968e-01 5.594043244734903109e-01 9.267523076004424709e-02
4.940092796904122174e+00 2.617047632034860349e+00 2.829086193639846480e-01
3.820091909873268410e+00 4.731756270258603791e+00 4.255527466967245487e-01
3.719477897898873398e+00 3.413614758189019049e+00 1.552385111669755791e+00
5.898243553271603767e-01 4.304698092315969227e+00 -8.758274379297992240e-03
3.767842357036421674e-01 3.316940797114026118e+00 1.729021981686193477e-01
2.860542603696669239e+00 8.859341597177039507e-01 2.319175388798862869e+00
1.353561694697569262e-01 1.971311867411814633e+00 9.760670148249650513e-02
4.501292247921345080e+00 4.625795142468641430e+00 3.012033193927642905e-01
1.862125011409928588e+00 1.149330858834668456e+00 1.329646016350093829e+00
2.206935665577391958e-01 4.617897709883144408e+00 5.150267698594131888e-02
3.127151494815527677e+00 1.929302031241120208e+00 3.052797291612070918e+00
4.860028557066083721e+00 5.367783505097500907e-01 4.620466906006256980e-01
1.685377006145930556e+00 5.020092291723915467e-01 7.515360575585765535e-01
8.636805186570045700e-01 2.275908753142836360e+00 2.470989168360870347e-01
2.862512105308219645e+00 2.343383144105515736e+00 2.941730512156878863e+00
2.534137718698461050e+00 1.031637077061631658e+00 2.183571696020810471e+00
4.519444691336548914e+00 2.130493265449324269e+00 9.707017969521896106e-01
6.421737598755949961e-01 3.981579795376942066e+00 1.870945971675482544e-01
2.857309766144187080e+00 2.726041405541463902e+00 2.743282290653698663e+00
4.411253036269667582e+00 4.054559918271785079e+00 5.176918199341657978e-01
4.060135459561800886e+00 3.639252860650954879e+00 9.666435129127853854e-01
3.826639559443301142e-01 3.451165683534631157e+00 -8.923615458156419766e-02
4.040846091532518614e+00 3.975842749278580612e+00 9.547887674585088247e-01
1.487848868527009705e+00 3.385865188433804907e+00 6.329183801868695225e-01
4.326651785247865867e+00 4.905815613521519181e-01 8.151397189300236823e-01
3.763374333820755702e+00 1.289108458415168634e+00 2.166525278579145564e+00
4.179932146292800077e+00 3.154409828796800319e-01 7.975926286623497008e-01
3.384144707847464018e-01 4.467971589930080256e+00 3.614729619072862971e-02
3.350177324401033996e+00 1.991761669656786360e+00 2.676136913864702649e+00
3.443128555904169108e+00 3.990408230767816367e+00 1.013045407598776926e+00
5.551240716083249982e-01 4.377200323109344815e+00 4.703198034337191524e-02
8.705470906033535572e-01 6.023937786664201877e-01 3.526773584406736051e-01
3.589625846389670638e+00 4.454477747044609082e+00 7.161423153785674289e-01
2.813292970010449867e+00 1.733075039111161564e+00 2.822060998712125457e+00
1.149991872118570235e+00 4.824660546652561166e+00 1.054050516598921405e-01
2.488670314754544144e+00 4.866038752114846488e+00 4.908967770427273836e-01
1.389155411123947914e+00 2.804029801605627981e+00 7.811211644111667463e-01
3.683453914147556407e+00 6.253107372492805460e-01 1.637694131256575591e+00
2.836814536740168258e+00 4.190588836546120355e+00 9.991801443669059424e-01
4.533543807459289532e+00 1.960063964487950283e+00 9.056510094146833501e-01
6.500168059500988083e-02 3.653214817992870067e+00 5.698419593138887018e-02
4.860827137889888405e+00 2.972225641528700280e+00 5.243178308758249528e-01
3.143332520308136147e+00 2.449352804148114515e+00 2.912461514878912805e+00
3.034861906649094720e+00 4.155017563158902583e-01 1.804073716756023682e+00
4.476754714557591441e+00 4.112046363566876472e+00 2.435434179628246099e-01
4.520031033066516990e+00 3.783984615039563515e+00 5.558756174128097749e-01
2.526854562409336369e-01 4.565534217665901728e+00 1.449125212723481881e-01
3.189556216895297780e+00 4.424984320464057319e+00 9.599471450332648370e-01
3.729962985850496349e+00 2.349361463530142302e+00 2.229077867627847986e+00
1.391787261438626189e-01 3.659783732239829668e-01 4.500000917190074418e-03
2.565707942738147729e+00 4.466222194018972580e+00 7.988321465492753681e-01
1.344334645793511918e+00 4.481908157347541666e-01 4.122041475335306848e-01
7.381355029945307900e-01 3.547839418157641589e+00 1.938972658977344832e-01
4.150509458445595712e+00 3.031381361297307286e+00 1.234001513400816652e+00
3.460279537598274668e+00 9.173619252034254101e-01 2.110801203537310489e+00
2.728479226462860119e+00 3.714652891551666336e+00 1.676076596109048022e+00
1.850201208760581251e+00 7.958275027566347193e-01 1.217603992641362431e+00
2.253568772425120326e+00 1.087803036980682370e+00 2.051746320941651991e+00
6.765949293322220948e-01 1.939034749934021029e+00 1.384163554571995747e-01
5.966225070716479895e-02 2.078518593101208456e-01 7.312118091521219165e-02
2.482664688765008787e+00 4.307380343112785503e+00 1.007657035585071803e+00
7.603969729143567058e-01 2.397215655120619626e+00 2.791665952930854067e-01
4.714034610282261895e+00 4.462354440295926317e+00 9.564952163008993979e-02
4.215579443540268478e+00 5.203546319161800326e-01 6.831594694375346943e-01
4.568341936703955497e+00 2.039449039827891497e+00 1.035714051954569115e+00
4.661478208382493271e+00 4.018264138256368412e+00 4.940157474693051554e-01
1.611027447524695955e+00 4.745799986145731175e+00 2.155157914334303593e-01
2.307838032611729595e+00 1.100573249835690604e+00 2.061436888441242399e+00
1.773941777378618134e+00 7.388415331514935902e-01 8.886544091062852369e-01
3.219252169455070423e+00 1.430790016549348564e+00 2.741893898162720333e+00
1.533172448110424746e+00 2.069624367920142038e+00 1.156878080123641128e+00
3.438699059090617460e+00 3.512218513361178296e+00 1.602056832367882544e+00
2.008563093256890753e+00 3.982217875389247652e+00 7.997875236214858630e-01
1.958577225535320210e+00 4.852625919778686736e+00 4.776012349973754456e-01
2.590490457229888133e+00 1.880706468866841785e+00 2.858676582467791327e+00
